-0.15187795242677482	-0.06444535706461732	-0.029320075080560025
-0.1340776721232519	-0.01326167198313766	0.00785921475365507
-0.32322481781958606	-0.21391057623874887	0.0285559377320119
-0.06697969104634327	0.06656317480030963	0.13404801780409398
0.1783858264662756	0.09562161533956473	0.34627278557327074
0.12147489006801297	0.06799002254698704	0.1560141034718351
0.09339224979480906	-0.22933158197529208	0.42209480166806945
0.3362302804529652	-0.32954363461041597	0.46789378413056393
0.1795689590606493	-0.34132780694180426	0.2835176770627923
0.14468305750314267	-0.33604603705211233	0.34951446031752936
0.07367928914435405	-0.1942086344222115	0.358000393915463
0.12381400530754988	-0.20812253745906323	0.4414560993084523
0.203805894955148	-0.09882728106058422	0.05489850249158945
0.3601050100530718	-0.16895145323407335	-0.07226263210135292
0.20925184145317807	-0.045492767196104206	0.1001191741511369
0.20880839931906184	-0.368209118295356	-0.09433414682409588
0.14337702288638754	0.1504768502920054	0.3850336327529767
0.30921481702371223	0.2112387012527832	-0.18118023757563814
0.17190886237875505	-0.121857400090204	0.2994347079068262
-0.1762120622105967	0.015183758979950057	-0.16490385277872574
0.3462061387555243	-0.06355889139530455	0.12728879610491967
0.3002291941073709	0.03175152294949608	0.0790681688251666
-0.06463278289160668	-0.2841383901429292	-0.20275892507938753
-0.1578854795538794	-0.03982632202224534	-0.24849232065542615
-0.13991704000047517	-0.06842418739521858	-0.21678947136174226
0.3456613562667466	-0.35987893453180453	0.15615622063414658
0.48892460703194796	-0.25165956203121864	-0.059001887136408984
0.46391528795233095	-0.26820666532120185	-0.003109409368946117
0.47927091560295854	-0.27226988446174155	-0.031998406719134245
0.4999660352219758	-0.2428153603341187	-0.09169807773675315
0.47469615466980264	-0.23667862184985672	-0.0491958314352189
0.23262024119539573	-0.38837923735308577	-0.13704939170325592
0.26653761757341865	-0.3460547858474052	-0.14490966843422864
0.29795232986704023	-0.4367163593216346	-0.07313180340137508
0.2418507984347552	-0.3838301865295005	-0.22928360098196335
0.265796915684157	-0.3946299744328323	-0.25008546602244686
0.2818079592661288	-0.35893324546033084	-0.12492198644460627
0.30495971521642184	-0.3821520292698632	-0.212196511695521
0.2772244306253752	-0.3794201308245244	-0.16631308492135158
0.22164967772813854	-0.21871174580159575	-0.1851902750887402
-0.15950909796114815	0.00015885960007680847	-0.04767123564242674
-0.20231346219912322	-0.009552512319528628	-0.10041242841503911
-0.2868474807915893	-0.2285621402736313	0.029128378590121434
-0.22886621361440584	0.10266336126727627	-0.05569977857271878
-0.128673078451082	0.12495441750215046	-0.4622235927867413
-0.17267870202613672	-0.05086952488385072	-0.15718316696036133
0.08055452372894505	-0.2811399137825289	0.03292496666300418
0.3361143014290051	-0.1533754025243016	0.06332933708077412
0.25178241666508056	-0.14507192413201278	0.018223158366574593
0.35418603288880296	-0.0655920288467193	-0.1281301092347203
-0.19235940428695786	-0.1375733352610045	0.018326559886768602
-0.2652266100413625	0.04294104617452604	0.1670624819822885
-0.11003570778000259	-0.0523709968020469	-0.17077438615099144
-0.17844011381979125	0.18514930891239045	0.12870129266889874
-0.03673880731463097	0.1919589076135337	0.26223907650863376
0.089616569103949	0.23980827304754765	0.12999547465743944
0.13217568102788643	0.14962532213771376	-0.17660292705602432
0.009866128181260304	0.29208381324123145	0.10819504188705086
0.015683922842267203	0.21159988684900663	0.1590769980527536
-0.061659105261083605	0.155508970673696	0.1724152044616752
0.41058905333554235	0.15037406911237536	-0.08825720976331569
0.32824954463722533	0.16316681063705857	-0.21821378699912372
0.33722123444556285	0.22339484907199086	-0.10522821887846655
0.3925486774506769	0.17056606919991843	0.0013250586110666075
0.3905317921903695	0.14685583038284636	-0.06904107944564514
0.3902773448511537	0.02310905188542281	-0.12924508603191912
-0.2865592950308802	-0.24911655695848714	0.14616785028421225
-0.3004412285916475	-0.21234679905062798	-0.026253552042726523
-0.1581104432970526	-0.10550835762251222	-0.17682236089563264
-0.1367580396192109	0.15545113444968123	-0.11406570477823776
-0.2914530340512534	-0.017944926971146222	-0.1864380767018724
-0.1206214816612375	0.09499303915480871	-0.2994728898978277
-0.24315766720803028	0.2781242969727966	-0.2867356930616
-0.2306025363027008	0.0307457264245853	-0.06320311026023742
-0.1421275045164998	0.24583516808620537	-0.3673524544534107
-0.22263061796647662	0.06679143284532346	-0.25916442926931155
-0.16453324411088074	-0.07966375143254611	0.0021582048538715745
-0.15656087208991265	0.21498094352601155	-0.034111418366349934
-0.19579817162174226	0.049234259489565106	-0.2236088149212395
-0.1802535896889455	-0.029497978710628724	-0.1457718458283147
-0.2133229117013227	0.03194364797788322	-0.03647702318376478
-0.15661955964183266	-0.009718040210816715	-0.1624683589123122
-0.1705067481191964	0.05039860453712428	-0.010671936548205967
-0.21196685056967762	0.11681898333412873	0.16598547019944884
-0.2173356121181943	0.15975928369143133	-0.10754749745031747
-0.1933612703197627	0.018272960486856532	-0.1371098454687732
-0.1602790414599408	-0.03666985865799436	-0.1609573221818783
-0.11740136245633034	0.21193909189279408	-0.3040270632828551
-0.1831373796693771	-0.052559081519186375	-0.5295676373700334
-0.32046482390942255	-0.19065186672925247	0.055335670876342474
-0.17068457920025037	-0.06579245779837373	-0.1749502335579144
-0.19186547434151552	0.010565960278077956	-0.13157180373621297
-0.15997046631015205	0.015626628837482635	-0.15403606402946854
-0.16881727100884142	0.035718069735390365	0.005845876955670029
-0.18056199670743409	0.3290306534643946	-0.23220494996111396
-0.1386451952654442	0.016968515668443256	-0.08486643168893646
-0.18274907181090788	0.023826526471756752	-0.1119878249696285
-0.1816398829764351	0.016817217902019323	-0.13231414312278816
0.03313871206797425	0.08908954664743082	0.20025559245985614
-0.19769481395391747	-0.00932281004406069	-0.1416579762003734
-0.13470205542110217	0.022183201679090055	-0.16019301451353113
-0.18833511878239603	-0.01662587416970985	-0.1301467562726173
-0.17240195136730516	0.0044749809163094	-0.14473549122016724
-0.16884805306591077	-0.0035242631038207677	-0.02099566079226442
0.1511600780853668	0.13736276557669788	-0.4610646432728417
-0.21691960585145637	-0.2963581481064553	-0.2662028459486507
-0.18239014703130452	-0.013996925403539993	-0.06366054566799323
-0.2027336119743166	-0.022849061869828366	-0.02481851171553298
-0.0982414792884253	0.24294970323452253	0.05824817036606813
-0.0826662109981558	0.40333790345853754	-0.2637803509494482
-0.25083768780432786	-0.06513654913645049	-0.1366507411474206
-0.12393273995393378	-0.020640240169066945	-0.30465764947063056
-0.1610542795007409	-0.021891643212663285	-0.18662616758963418
-0.19672880209607493	0.04030946164407504	-0.08601929171853467
-0.15561926030291534	-0.05315215783403166	-0.2157138344434919
-0.1868951310226493	-0.07913150914326486	-0.0843433259266827
-0.14555236112894426	0.08983192339290971	-0.16456623201359882
0.06069685479115638	-0.043217792490285345	0.28299639268561816
0.006313258235545818	-0.047822346761662596	0.2128352748580168
-0.0038764442106937677	-0.25754378542748907	-0.08156453559670068
-0.0019914530886360055	-0.25474897032781463	-0.0752540393381075
-0.06504018711419918	-0.2988989743574375	-0.062389663089266544
-0.004446284472980386	-0.12312196431162281	-0.07571988160651534
-0.015647693107666998	-0.23782036451973082	-0.19186539230937666
-0.23463733965425254	-0.014917288164911828	-0.10844736681266583
-0.16114030874416807	0.010615842176592487	-0.10228912216531762
-0.23566033384537277	0.1811935828253396	0.4244526366632345
-0.31090299672282806	-0.16036770250101368	0.2323083312176937
-0.11155430338189766	0.20872340104287165	-0.26389257849351583
-0.2743053078212513	-0.22018201554195582	0.14371158440286758
-0.23309804488036415	0.22129305841555252	0.39516542532703514
0.2098795625408305	-0.30833254630467344	0.3339121646762151
-0.3545550734446973	-0.25771063061321875	0.022991399798888236
-0.26652748050615216	0.25992585857820066	0.356879201297682
0.22986907834360187	-0.39674572174513795	-0.09405164575816724
-0.21275836922492192	0.030570264676809945	-0.055401298957750526
-0.1846165608811768	-0.050723758425689436	-0.2581462091547201
-0.02043117568271932	-0.16866837382188124	-0.1427895775352991
0.20787856461906012	-0.3203221216432442	0.35438660541165673
0.07363267071667828	-0.02295441545765326	0.01993439939019539
-0.17394216394908732	0.0765230932532117	-0.10653244179088961
-0.2742781008561227	-0.1511734783539539	0.07165473092150143
-0.1927531563073609	0.032280584972591786	-0.17495944253604978
-0.43697414828915293	-0.07890662711165014	0.23266644093101993
-0.4294203934330224	-0.09516944505587688	0.22147793712438724
-0.4524221185438263	-0.08289971812987815	0.18066199281650835
-0.015812953622315398	0.5127772674824913	0.02784288505161504
-0.29633988516142695	0.2342632568647698	0.38143926888307605
0.007419010839004009	0.45264258319219564	-0.038354591067590565
-0.21872699029633463	0.5094038264999987	0.13782435606757562
-0.18615130465314	0.5678494576913511	0.17285615125710957
-0.19851678410198614	0.241460296426538	0.4128689816002758
-0.17652392630629543	0.6070485743131526	0.11764148185946204
-0.22722503229391486	0.21711720682835267	0.3260900988599816
0.06568933170877375	0.502161460853345	-0.07979686569874599
0.08102179845431078	0.4898782213116852	-0.07484751807182305
-0.1750747324835959	0.5271304566521859	0.2634127337263586
-0.24118152474057042	0.2403759625484829	0.38161821574033106
-0.2547262445682209	0.18115966394623256	0.3477536027475852
-0.2845467459855747	0.275204819273154	0.4353732759893157
-0.264127147673913	0.17495702576466554	0.45171555612380543
0.13292001561003333	0.09013215111428735	0.19998831060646455
0.2858949191560573	0.2522299742160431	0.4071394888932911
0.22467684734278448	0.23283093045582554	0.2630391904985323
0.3966192912525674	0.13943083199902098	0.17448375626494717
0.056945837452492834	0.014934923751400174	-0.0022244213157259288
-0.14224079366732917	-0.16384147248482564	0.040848570261608236
0.011722094644675857	-0.04622623918044946	0.31110573743975056
-0.3623463329401344	-0.17283248410741342	0.06944604304145524
-0.2204857455071908	-0.15578212261253174	-0.010272602359871923
-0.5418388650963458	-0.05623138036992269	-0.10569981191833923
-0.32966711734447823	-0.2995794684234772	0.15381771888803517
-0.2827450963868916	-0.2344401060087742	0.055291639142674334
-0.38600940347344304	-0.22357797271839885	0.11393133824723856
-0.43145088683127814	-0.09110863802989594	-0.04612596396198295
-0.47189008304071817	-0.21567795946672383	0.06310986038269153
-0.3721381977087888	-0.24703142896196892	0.011970296842397747
-0.3121661019913397	-0.3279812149213462	0.03430559192306373
-0.2827311524424495	-0.14378209132214154	0.019876282970335966
-0.2916240926950844	-0.2298267196361761	0.02588718860953463
-0.3022682082273635	-0.2854672733490158	0.058127964482115206
-0.2200154142876417	-0.019939552017904497	-0.11314423833110872
0.23517833013740327	-0.05340560297621631	0.09683530976661589
-0.23535629955610327	-0.0246761082992014	-0.06488506660586366
-0.06755727980587606	0.23486928517520975	-0.3010950972540579
-0.17204506261877756	-0.00042993358026400044	-0.14848169298653202
-0.08493930904779069	0.494742303471113	-0.18628231848195437
-0.35527886901695493	-0.25673002665350964	0.418983298032949
-0.3142101332251311	-0.20814388505285508	0.35468602476014094
-0.3272520214778054	-0.1608722430089951	0.28093128260604283
0.22099849454285897	-0.33334261091254913	0.2564566802585105
-0.15968228120303293	0.057076127203990516	-0.06967751394924275
-0.24165232740066792	-0.2533311267397088	0.04643118984267226
-0.2812899726065966	0.03379400128145001	-0.024582463186094996
-0.05910559633367567	-0.2816019104648668	0.010293508891415701
-0.21763480608757954	0.1199219062244284	-0.12724305098091152
0.32808854146706806	-0.09695107404824727	-0.06418847445830105
-0.269000700457836	-0.2540142781073447	0.07103974641637613
-0.20735835391929605	-0.021325627827263098	-0.11897085328431752
-0.197522002515743	0.21193779080577813	0.39500460702421447
-0.19406473985419795	-0.22811854732370612	-0.07527427048719919
-0.33690491818117807	-0.3177071736568698	0.10160041038343592
-0.21764928330664177	0.16689137966320536	-0.2376599510237758
-0.17441240443343423	-0.03572946088142204	0.018320545847713768
-0.011562893718803195	0.18088230634584643	-0.288413501326204
0.039656838795752526	0.35539710901713056	-0.344321681379391
-0.11946573037499966	0.4030978719284962	0.2405430128928104
-0.17566210751674502	-0.14126775988455922	-0.2805790464222855
0.07846767374912442	-0.2148930880913596	0.012319134171723256
-0.40199760064545176	-0.09714789564391264	0.3063975852832464
0.2570168306735667	-0.1900174862092921	-0.03992132962998132
-0.06078095588979144	0.2514460064926066	-0.009315019954440003
0.11323937859985152	-0.03210490171996369	0.28192841003147584
0.3796271643627614	0.12984553421510633	-0.3698154192319426
0.14021512509364084	-0.05700625131165898	0.3664017334913085
-0.14348966798053614	0.1801636096074149	0.062251715160641
-0.4594891597480261	-0.05971707491962446	0.32541963889917075
0.6715541661725926	-0.20569794488897666	0.44254976624052694
0.3353267317741965	0.08236169381761343	-0.4423440838201682
0.14504659638008635	-0.2156353188443367	-0.0381834189092564
0.31782428987164624	0.1103542350179823	0.13587463048789974
-0.4379389476951534	-0.09296408033687804	0.27137584455279745
-0.3045260397584025	0.10082482734390763	0.022110769596008342
0.5110563064835669	-0.3222570547789755	-0.29810120665862316
0.06905850881907445	-0.10754363143859491	-0.14028135408664144
0.0621575997966927	-0.25181776267900774	0.025574848319407116
0.03698983324139692	0.11901953056897242	-0.04233166860904567
-0.0037532624520309477	-0.103462244703187	0.15525691166676114
0.2423714608693609	0.02217689676700476	0.13559255700832523
0.06698725352079003	-0.39160195326381997	-0.04638035162998487
0.25715966968238363	-0.11184115368189987	0.32654145486963226
0.21333372643148038	0.4004564395567206	-0.10705253423192801
0.24330774808592068	0.3379561343126712	0.02094861000702901
0.25778790337282326	0.05309829846403753	0.2872110778446172
-0.009325036558590578	0.32864047120738266	-0.2952870437714165
0.1809910186376617	0.11554934197976262	0.18352504912783923
0.1118806443400952	-0.08056692895692047	-0.1676780774756838
-0.049303784938865974	-0.1993172225339907	-0.06497496279472614
0.0698441949738048	-0.07556886715003658	-0.0694032673497179
-0.06468305758262713	0.3514023526573163	-0.21884175728638278
0.042305269933331176	-0.17471103264629662	-0.07683708761051862
0.1011621040021996	-0.489310683997737	-0.03327788675381507
0.04563554242030225	-0.26093133977239824	0.09008793724773306
-0.19779497570305488	0.1637012665956156	0.100972677575334
-0.035191426130328135	0.09269703976149993	0.03710781319283894
-0.06138431688487453	-0.03570593189403683	0.07668622273329442
-0.05073796627723054	0.043223643074371425	-0.07883374134494067
0.14586170850071423	0.4308474143713391	-0.1060329144812499
0.22414422985357954	0.20590820395778833	0.03984392587796857
0.1769374099493036	-0.2133048403923527	-0.17510910766832088
-0.5486693635658934	-0.2510609925802565	0.0729082573680461
0.16613685235652717	0.20031714753142416	0.08549622504410692
0.4701170530977108	-0.27288652552352416	-0.17931171013290118
-0.19690179382925066	0.13070031323630787	0.1497053828778269
0.015301567636457028	-0.1253471999954594	0.16803503311866416
0.15563179673871713	-0.10852867921594891	0.33849720716503967
-0.19029627555374107	-0.21164254126595575	-0.10135657209322782
-0.0030805820769264636	-0.4127077615470882	0.16665116000275118
-0.41812579546584966	-0.12841645714767486	0.3087244576549883
0.16844584321767303	0.23333774739988172	0.01904842699313533
-0.1572015012397388	0.1700660130094734	-0.09307843357930402
0.0734130627112956	0.18472082851151878	-0.16488320543830942
0.3787871743219296	0.009438979636736428	-0.3734812822585948
0.05141972404884321	-0.19425135134716914	-0.08972866929848153
0.11464239308962357	-0.5355280939573501	0.21045534362769053
-0.07519440712145928	-0.14903377452892316	0.07534062741787731
-0.01603493964830964	-0.15950374280959867	0.10126561393522876
-0.3335672215671109	-0.24426333792490817	0.2713252010489823
-0.03073359189608759	-0.13084572237315562	-0.02949050545729001
-0.3972400431702488	-0.15290761435814518	0.142305758486922
-0.4341798609551686	-0.14288440007346595	0.26473400607050585
-0.497875360938537	-0.11152446217818819	0.1938643983808963
-0.42542178468515757	-0.13651333964468246	0.20655389518515505
0.36027846489647697	0.11825663898337409	-0.35934647983437756
0.19712479454792953	0.27826096581951054	-0.08460273337864599
0.14089504720327115	-0.5247400332594299	0.00673181344569565
-0.13250782820019869	0.19903812116717362	0.17505902295578943
0.07873412442215949	0.06264701068504393	-0.020876353518325966
0.10028146526369894	-0.2202208566338809	-0.0117598775110392
0.0887761322792999	-0.2227622264959707	-0.058333123267116455
-0.047530577040265164	0.11644732507651281	-0.31138298348021864
-0.15525277987557323	-0.1868348430115566	-0.37173244943535017
0.2489936520804033	-0.17585700128786672	0.13133195095864564
0.29859413420796527	-0.0928410380831792	0.12203184399196179
0.21344870163447927	-0.21884390587745003	0.04715833803207838
0.08510614593016794	-0.4719707459147846	-0.018630806132617847
0.31849857143613763	-0.006200248517045204	0.33147825157359617
0.14760143738726814	-0.510617462542073	0.009550838725147198
0.22623868535096459	0.057330004879042495	0.12298164167373137
-0.2423755450802455	0.2296404888827569	-0.03344202436329543
0.24637627085343147	0.11660198825204393	0.299651446278725
0.3369291043976148	0.20162782127190076	0.1975530466921562
0.19423483720440304	0.36282137709226214	0.003167502094131601
0.2256970204146897	0.3423016830502618	0.08917907670133206
0.41904725678991334	0.31615263895306844	0.4480390597502004
0.017819985972828765	0.06871773701810059	0.530331030354647
0.42782852253591835	-0.19105798675446573	0.1540575291766487
0.06805530011783718	-0.11520134270677468	-0.41335395644234935
0.02443815931684827	-0.184284924540362	0.1868672513422844
0.02637327172655271	-0.1463410220110486	0.20691559703149978
-0.0578103654010611	-0.23091970932114345	0.16721800301082618
0.05091224231839862	-0.19270357181814918	0.11627215425338575
0.0573396360501154	0.04744503953570195	0.04120442945979934
-0.234300894064292	0.1975837216027419	-0.03705749249680897
-0.21891613348638123	0.08523775963998295	-0.02247035878928478
-0.08028741997891353	-0.015724379824636158	-0.0025578868837211333
-0.09037731651433659	-0.008851610589739427	0.15049771466555806
-0.17428283904544856	-0.028187727910820554	-0.08163998319014215
0.19090467850967044	0.2204949821902964	-0.08298274437425313
0.28105128145506303	0.026065929409007718	-0.023677513359466357
-0.284256449518024	0.46217056063618867	-0.03625226301301074
-0.32191770814285214	-0.05592852213562848	-0.16852413867551064
0.26455711566471796	0.39400474566991256	0.05643413845977656
0.18022346826978264	0.14742878511119395	-0.15017432080591453
0.23994509110711953	0.31826543376068883	-0.17933494351816776
0.2498094184851712	0.4120747242675455	0.05493596363434847
0.22493453462908947	0.45591858384555844	0.011375880409188365
0.5088341822454233	0.06897706209656838	-0.1582318260624862
0.2798516005727349	0.43404931831540705	0.04107990980385521
-0.15656394109379906	-0.059909779140498005	-0.15086947660969413
-0.2137871068678417	-0.057235062727929824	-0.038857488883783944
-0.18764983397242635	-0.015222469787435855	-0.19733333035385367
-0.20045047511253963	-6.824419951020899e-05	-0.12372014644692861
-0.00034442167127005097	-0.11692176936774158	0.10983615753573397
0.4828590786663033	0.08212090714400025	-0.38594844322145955
-0.10084480154106372	-0.021597112975003982	-0.13690840280038138
0.22975821515339814	0.13988022496485442	0.18219235230444997
0.20775810148200274	0.11956765387112292	0.17531517892596743
0.17779499062913057	0.05873867780933627	-0.08039073746135023
0.28870172943568584	0.19208626341916885	0.060125609361361326
0.2652637286859112	0.15875230238949078	0.17959687035683525
0.23415881152147877	0.07315330006569135	0.15510362667858835
0.3709234376227382	0.10959241789617888	0.018005415568855803
0.06515879958230367	0.02790229860156661	0.24701156274383018
-0.13227732004929163	0.12175012409096975	0.006360601058603362
-0.024979073113214352	0.07356760327575787	0.00875931789738571
-0.11477101857917588	0.018277332722185582	0.03908491297717496
-0.2084680716111241	-0.04391310225769539	-0.11624899981140123
0.20338463953849334	-0.19553636988891723	0.10406020918361573
0.04237591701871399	-0.2154909331450665	-0.07470117273377036
0.03671306360858386	0.13711205834867785	-0.16343608384109015
0.25153885811418364	0.20543415158873754	0.025483417348024697
0.26525787752141783	0.41900335214036744	0.002758281820969523
-0.056281228821574006	-0.04897108192177628	-0.06080381668120919
0.18666593485913402	-0.20520581072263588	-0.013983470927083977
0.21927719200274898	-0.15291198349980514	-0.21226854436001585
0.20787076877790228	0.36764308586497246	0.12355188953511798
0.18066746265714706	-0.4825946844847895	-0.06622408143550598
0.26133262711784877	-0.1412451677341774	-0.2374255723267457
0.18939712446120976	0.09888007419613043	0.04591939025223826
0.5029346434618613	0.24148595567058667	-0.020077254036836377
0.28927593708237653	-0.17653457672849696	-0.11350560041416832
0.1279143913745307	-0.08123576545228683	0.03140627033524406
0.09695919968527864	0.1507304434344107	-0.042409880179193664
-0.005360117643709757	0.027785106650648393	0.042745888985578503
0.28243744758838296	-0.11874721978518206	-0.02270010412308779
0.16288559028842467	0.15694337540882392	-0.03142506175178446
0.08209479342584639	0.10614258771995856	-0.26741277991733836
0.009319576637652274	-0.11240758151755736	-0.05040935857596601
0.09537415268812273	0.16592948873313454	-0.2209979908411701
0.2732081359179573	-0.07855878319688896	0.009459009416792327
-0.33588109341154027	0.22683564279127114	-0.03925499533179695
0.2474514849784504	0.4016334093914669	0.019037034144731887
0.17700594277376525	0.4056407681350056	-0.07838909052939674
0.18241187528699943	0.37182354917582405	-0.0754142971129838
0.16413819443700728	0.030712238902931614	0.27902885053159693
0.2193211868074458	0.37246042510770705	-0.03577942326746596
-0.04222047978907726	-0.18172127538250543	-0.3645385810546876
0.22812135923163207	0.15931966154566093	0.14522660282227504
-0.10708811804353378	-0.2270090786732043	-0.38367560354658137
-0.0554033017193782	-0.15260778760477914	-0.3192223402049086
-0.14084127051017137	-0.08191349917958984	-0.265695710224287
0.1986940905632387	0.16812805585312565	-0.09775537363641701
-0.03446635354382538	0.25140238396200737	-0.22327444826806628
-0.2800081741976079	0.17503008977518555	-0.01358179739658092
0.1738936472873865	-0.09266855373415232	0.09153325172201303
0.11497352138589448	-0.1425851177974296	0.18280751354229607
0.3914071873875243	0.38833569337463114	0.42408501196449194
0.2454240842795108	-0.09754653976331476	-0.04068701663605878
0.8744060170481501	-0.36317017532432927	0.18395211988038185
-0.11716121444012773	0.3105165084837575	-0.11900563282329105
-0.11008073285936962	0.31892966337394196	-0.07938326015485975
0.23121164795048058	-0.16040213281339383	-0.11780513076349787
-0.25535420405404546	0.14893895357727976	0.017489336049450993
0.1783264403515608	0.057298767026325026	0.2506704698962411
0.18099572741664857	0.19648635234734754	0.012528570005536158
-0.06139455725767408	0.27302418516827603	-0.13109766344318943
0.14290722791012073	-0.22542323371376552	-0.23859643125540345
0.26659950386615694	-0.12725497282582499	0.0340136448302144
0.08285194788576067	-0.036510280582869134	0.24244059068560403
-0.21035792277611448	0.009932036194322695	-0.0670126492947927
0.16924335498458631	0.20174623368885264	0.28845756809114137
-0.2523669627246895	-0.15880000731445998	-0.012301107672306046
0.07148546711022527	-0.07287566572992975	0.1742235738198814
-0.11685962691703636	-0.17419473285873946	-0.40347142207938047
-0.1499341820207774	0.1760780933661268	-0.31896030908431383
-0.12299572270944625	-0.2231930801015059	-0.3841270292638461
0.301710327066525	-0.07741387517224635	0.11500316368583416
-0.12069816448345592	0.4893342205940855	0.04910489152840471
0.17626131084846414	0.36700690473474	0.014665541686828085
0.27992621418338703	0.193201053051507	-0.032697359679058846
0.2091282356758528	0.41820351119156024	0.08952798903292436
-0.03981965169962247	0.24325431600537628	-0.026497062642876386
-0.08915088753745193	0.00043028939046001885	-0.20414018255027094
-0.10097164199986633	-0.10371901229600158	-0.040330614425690796
-0.007877863913683045	0.2861985013308008	-0.2860095315493165
0.21825589076960927	-0.2691134629843765	-0.09917647783374087
0.2320856398375437	0.23985530706899227	0.03392048295859386
-0.05162476374654766	-0.14794618870639867	-0.4429065544011685
-0.07366816650497182	-0.2871696594862073	-0.1925971344870591
-0.02978743028873722	0.2562985244579108	-0.25192014184409905
-0.33621080115596896	0.1768889158106027	0.08337686280200017
-0.08910673317292192	-0.020831430536504384	-0.07213168399226041
0.19167685294970938	0.22629976275875577	-0.09827831588725866
-0.18621851690086255	-0.08170235403487072	0.005300984275861776
