0.07110208323106287	-0.3156401555107406	-0.0431496746197548
0.36780262931916946	-0.04880822159190188	-0.14838630874429978
-0.08384657051781792	-0.11413875538677533	0.3194058074210178
0.08378174219892931	0.413951673488607	0.3992776012225782
0.006238350653554928	0.26906312226887436	0.42661320887176113
0.012892537275194413	0.14550232019647816	0.5547266244114633
-0.10776345079923746	0.41491444892426466	0.5263835011976362
-0.13335415372564974	0.1976128322865682	0.4807138646590641
0.27687765988258883	0.13198250894790034	0.020969721680605246
0.11455198848404377	0.3852309749039187	0.12835859745002565
0.10553766666182254	0.34771780114184375	-0.17551460499436308
0.1570162256199187	-0.10077480439836255	-0.052034195460685204
0.07168611909085493	0.10228735579119173	0.03463691069204091
0.1300238859819051	0.20753959463695323	-0.05344186088716136
0.017744053495728936	-0.13310797066449595	-0.05391457939980993
-0.6273371799054368	-0.07559385055809163	-0.09632686355383474
-0.6208440590892342	-0.19935103961625347	-0.17903694071837647
-0.5278245362137092	-0.18833605362700273	-0.13232957802392176
-0.5183983453675004	-0.1786263455522927	0.23926010846039883
-0.5197918593654914	-0.1360465470964774	0.2264300232620975
-0.38989930846944865	-0.34241469891396076	0.2124698617747459
-0.013858220098477711	-0.2672126126859359	-0.15041157350882745
-0.11709710176896608	-0.37447808837421453	-0.017998686513904686
-0.17091541275181865	-0.316544844970197	-0.2720381815924148
-0.14162487647878594	0.15168471770142072	0.15870107419192725
-0.11735034507991306	0.3149832394493676	0.20617147999091784
-0.061913104003614085	0.320438887982069	-0.05207071816004721
-0.29567043006419536	0.21924699283997337	0.18904653942752117
-0.20860148144791454	0.20252259095178451	0.024727147718315193
0.21784026001886483	0.07713181093968782	-0.07092919863267064
0.037325471984485374	-0.13308957150499026	-0.09940318063528512
0.016765558051852147	0.0002720251594694055	-0.12795369004112336
0.053949645127266445	0.06696392146284484	0.0757948817528165
0.17102296152749244	0.0760054005654643	0.20793422762277072
0.10939495786169046	0.0387517529327107	0.18588382920529678
-0.058819699095071676	0.09890477228827652	0.05455168715199025
0.39445994181007044	-0.0037536085548738195	0.02341720517419973
0.24215163089902528	-0.2186402015414815	-0.08936205385309443
0.39878193206213064	-0.06512041302731073	0.17516534948161447
0.2653117685175633	-0.22422204998456285	0.2445843779547207
0.31449755863413187	-0.040451950208697005	0.19642453912111396
0.30394875444038194	-0.16606612718255118	0.14902969764425378
0.14514359477543773	-0.07445290954142811	0.15832697678067267
0.5074968802000723	-0.02107082042899714	-0.014874664203078649
-0.17090254713552552	0.16796399581692276	0.4585317811623721
0.11865402421856999	-0.20975960300808533	-0.083946655571529
-0.10179052930851437	0.30892943322744737	-0.37400959813834994
-0.14503035876874396	0.1834501277074828	-0.4014837032192461
-0.09449588803716581	0.20708739494506812	-0.4624347491435723
-0.09746389645869966	0.37269689959711105	-0.4568951702872491
-0.16602655872968655	0.4913106964459881	-0.20563153162792552
-0.2644558523886653	0.5372301696483288	0.036013697455278285
-0.09558135400439725	0.3667210815388239	-0.3151118386970214
-0.35935684788651695	0.4558259790214199	-0.002020660254166702
-0.05943393433857023	0.27209402230475505	-0.11709304465122299
-0.28094540701839105	0.35317718008990395	-0.251047361276575
-0.28781642492889986	0.36663327283137137	-0.18498535114319511
-0.303983706519361	0.36573855701741403	-0.10186767510120391
0.2518281421171079	-0.14927002454176228	0.4075626966195375
-0.11546266308022256	-0.0036936141133727413	-0.14956686936761088
-0.18060238175402307	-0.05931519941526294	-0.018067963839388322
0.33417074005309305	0.0628520888266302	-0.236831748831087
0.12358093459707248	0.09670414447243371	-0.2086979404491748
0.11458949995631953	-0.21638993049085326	-0.1871736372560238
0.002900191488649046	-0.08510646346690862	0.09144467490354696
0.1300239645900968	-0.2580672144657419	0.19798648777079272
-0.05577820642582843	-0.02381771705369864	0.20143456985705174
-0.21516421358416973	-0.0037291058226937685	0.2176204078290252
0.1208995598066966	-0.06148411068664956	0.1319808510570497
0.024508101029412397	-0.08391312925929835	-0.13007601983448722
0.28197986763585714	0.17761776866482676	-0.12716975837954916
0.0646692717990368	0.156754955765736	-0.045025136657946815
0.19745657233290553	0.0008794194823683826	0.09812509188955501
-0.06730261959825642	-0.02383104623603552	-0.2315362955246623
0.14440136892765265	-0.009958985305329033	0.21765732447103545
0.20145649918584652	0.20099143814942969	0.05499913775300198
0.033997995683788446	-0.08234623918354143	-0.06775851521710358
0.3288745595765338	0.2667201407054242	0.16601263755724155
-0.14756354273095657	-0.04021126007556147	-0.3665189564629533
-0.024460093546385203	-0.12603559635083603	-0.2195898579654158
-0.14802041750335798	0.1589836302136779	0.2362781805121773
0.06441941342779703	0.06722347337412722	0.19365581673247437
0.16913729745822648	-0.1414920020094945	0.3886115988001959
-0.039418542588845064	-0.21637324875657343	-0.2837403107349859
0.10881169755351303	-0.0705597915754206	0.06427833191347516
-0.014954354471535238	-0.0314883672230667	0.3119440305561953
0.013508416728365667	-0.1375776286210945	0.24152098678158915
0.3622811302714313	-0.10901923526858347	0.27679367217398726
-0.14558307716436772	-0.16691174291019822	0.028544914178490626
0.06955773212376934	0.03666949010931243	-0.3333687176466419
0.054305547183453304	-0.14957423593216207	0.010405052532465658
0.014811258087488066	-0.10634752628653343	0.14907686779564847
0.23347111034000234	-0.3108583027649935	0.32564534036092563
0.09353772974553032	0.11691833877082963	-0.11494562099951469
0.02900458310048244	-0.22537679145971867	0.15149373246441925
0.33093683438893634	-0.07722901721643026	-0.04630138647842994
0.18117093752785995	-0.3597122908281979	-0.16954693727984366
-0.16884415073341622	-0.07345138586999783	0.4092551252284242
0.10656571294085486	0.0955689671251488	-0.12037009611082104
-0.37164250596408116	0.09616158388530985	-0.05100433139631629
0.005240278013574148	-0.054119790686624016	0.09177516937729181
0.026309303215335783	0.006566889393994321	-0.09544163284839799
0.4556804833063931	0.09487550225856534	-0.2641934571010801
-0.24388243209501798	-0.32096205351375046	-0.31185171811541756
-0.009844720641369558	-0.1439993971104297	0.28686234113101616
-0.07949564963036533	-0.013396397492705738	0.0800515631966349
-0.055027901864927654	-0.042631022808362014	0.3953392251184017
0.13398405531826932	-0.07566030792785468	0.1370680704880919
0.3486067389913357	-0.059898727208264516	-0.2258315822155074
0.20439508609436985	-0.06339864583274386	-0.1199607870363451
-0.0656067565688391	0.44699802078058354	-0.10166533558716025
0.08483162254776212	0.23734616353484395	-0.15511981929263152
-0.5274021588140547	0.07003677741487659	-0.07613127633315071
-0.09423876199404688	-0.4198769088416154	-0.3261789579296371
0.4934221937902499	0.013238837163392699	-0.22953202180351034
-0.4416850756193265	-0.2884175963303659	0.12208565297066576
-0.08446168875660105	-0.40114309205029397	-0.4493393201856793
-0.03344976578185631	-0.25708530463204987	0.24452157223185172
0.18253194138444165	-0.07537043187849375	-0.0678843896652496
0.12659498368753486	-0.18405834707384927	0.32710041953444624
0.25229646880186357	-0.08386177698450338	-0.017025623035922696
0.15265102905820405	-0.09693907181605745	0.13224230790632058
-0.22200502702802133	-0.04063388543354277	0.11273832919338965
0.2365633130759886	0.13043004469973823	-0.130332253090339
-0.19863684954661806	0.03242617131111948	0.14699775414101565
0.08000255103669801	0.066934283134931	0.059667673776954325
0.2900641342740859	0.09042227995965252	0.09602552997025532
-0.22088007729373535	0.08217830194354228	0.23836373355095494
0.018288824768603624	-0.3273885417286949	0.35362352437694416
0.46242465650160114	0.0502716346063823	-0.21476000258172248
-0.02509279193661905	-0.005679420849076095	0.34834699347923914
0.0032031017664538534	0.1692902374702429	0.3700691014575603
0.39224914800172106	0.07116594503497532	0.10654705462513407
0.014154838441344828	0.2381064588797565	0.13075775884471533
-0.003685816569513802	0.08111336421566437	0.0571701720159242
0.2555227496899189	-0.14316749624715172	0.21933499534060788
-0.25249518965783335	-0.3852283928036487	0.06776616887956081
-0.30035966918375784	0.3361415287098622	-0.2249247734455697
-0.5397709631916112	-0.0667306219465157	0.11342510276215731
0.09444139719953688	-0.056736203618520435	0.24413324012975327
0.06068106919119101	0.08648221002104547	-0.016448398661486882
0.14538425806867827	0.08197995725048936	0.24299642320742504
0.025928241075100635	-0.06164680198315464	-0.19175967911230912
-0.13383996770874457	-0.24775639910187064	-0.48735563125386294
0.4233171373303363	0.10718674630729093	-0.26701431426968325
0.026676563758366176	-0.03758174891975894	0.004870867515436065
-0.17316436370410548	0.25580259038699704	0.02223284636818723
0.025929383468570717	-0.3733952121036351	-0.27109206468502073
0.24196522027414344	-0.42130682629223404	-0.13992766633855733
-0.020816435566349812	0.06419100078916007	0.026234396514148422
0.0512792083851665	-0.12933401952384962	0.09997911046218162
-0.08724674307058394	-0.4751307396789829	-0.0752882289785759
-0.5656454246325469	-0.2777837305164023	-0.06152954613344894
-0.3811814223087987	-0.059429627558165714	-0.27171761372951164
-0.24187100829399877	-0.17511056291034788	-0.15657769015972767
0.2223715043182113	0.14006307916012178	0.09381898393641422
0.12689105363653258	-0.2034219494284484	0.11683416478550218
0.059761205991572405	0.004356567445283891	0.43667468986076424
0.15450470660647256	-0.08868688173641047	0.10253352695851128
0.3894909931888594	-0.024044159741963386	-0.182346369835233
0.3191628150926141	-0.018174019722356674	-0.3316638072089467
0.18034143057671562	-0.02693541458495011	0.3193327058997298
0.6396550197472979	-0.016698900519614403	-0.14480969858110365
-0.10291175922510855	-0.1396671397204198	0.2224607955172188
-0.1822961676308486	-0.09811686195620355	-0.06855993192121417
-0.0013581399929908703	-0.1684361211200574	-0.22281438440448328
-0.189878060087027	-0.3546862907868754	-0.35638670064721967
-0.052555716227300674	-0.05416739758874431	0.18352311063462343
-0.19172944098473255	0.29467296719024877	-0.21614196741770064
0.01568374395354006	0.4547372933457771	0.10166106142606034
-0.34278712058986294	-0.2522957197802668	0.05430755167985606
-0.3501403793659067	-0.3226328955125953	-0.2590411964296648
-0.5048953297139537	-0.35924679691366895	-0.06927777507603876
-0.49130822613565445	-0.25179855125663336	0.04727254348130959
-0.2967797035188653	-0.21087723675419975	-0.31023212618431906
-0.001955663727088013	0.16923472565567468	0.4162420812969371
-0.16751864250247817	0.42307550953861495	-0.04604925578381314
-0.33017114692469673	0.373164914811252	-0.08395325655311489
-0.1967768040902372	0.3387817355227994	-0.2959991621010123
0.2960465032963264	0.1604005937178275	-0.4292842470152835
0.3463444078321293	-0.15306295904185266	-0.20434996947815384
0.06747287102459015	-0.054614430166500263	-0.08199462950086964
-0.0016614927040956066	0.12864686644575496	0.29668478147172594
0.0037791877737981456	-0.03292318651777959	-0.12139238503461781
-0.07873132792133443	-0.07576661396580862	-0.03226922693617626
-0.008200105381767873	0.12633453875200493	-0.004502705058897961
0.2461681784936043	-0.04907039243026372	0.07342343687265455
0.01751709132516314	0.33380078125036866	-0.15075966258011853
-0.20176718704059962	0.1414086913425915	-0.3784444341972103
-0.26398036920912377	0.2348884617147622	-0.20317040366529984
0.11413815225103235	0.4531576811570861	-0.254230249074922
0.1325792823939412	0.030681052740789572	-0.24263475760680026
0.1659735951817808	-0.11193164692098229	-0.1631876619340765
0.29731550294557374	-0.01768315547600007	-0.31902033534332874
0.2228508017586187	-0.16156096181148702	-0.18032936173144368
0.23993773273271668	0.03804509381292015	0.0896960881206717
0.21289403768110146	0.18274543123810477	0.17003963768991928
0.4916642847170701	0.0732894308709978	-0.15607150733648725
0.08357876212961324	-0.2564199811127868	0.03021133316164674
0.044600066234947944	-0.3056941954890846	-0.2354193242430966
-0.02662466511368039	0.03935152529755642	0.349110882748935
-0.05053924216550121	0.10507841543428388	0.1271820734803508
-0.10858071169582902	0.20463867614675166	0.4429381336740495
-0.31661396735332026	-0.09739125309297443	0.1810147570400717
-0.28538427575918895	-0.1823417008629721	0.15467343897695435
0.23990564587744112	-0.2953488513063844	-0.057845060251557716
-0.4655820185878419	0.11613668181845253	-0.2164982766969459
-0.3554586121678548	-0.24025625220782487	0.24440682129935198
-0.49295636034771545	-0.2987595520307157	-0.12773296150163319
-0.4563808778516909	-0.29193952853230304	-0.008386741082343507
-0.19918714365486204	-0.45256362378634574	0.2808095535066854
0.05512758280091779	-0.13733654595107708	0.35697936481608833
0.44084616871518995	0.1304321598361572	-0.18410908925153555
0.5078617874746569	-0.14578858882551507	0.046104099164905994
0.048463327540275346	0.12417020337673608	0.20953817089971677
0.05095139494033406	-0.2649638821827132	-0.07982912124879725
-0.1570345023632515	0.16453373889024572	0.1865145996886135
0.12864341762031192	-0.02487350856863947	0.12142294875227115
0.11199801014279766	-0.04841108695582678	-0.042312616825631894
0.24928427720082846	-0.09372018757223873	-0.45884392685220976
0.0690726806425783	-0.2807158535689776	-0.32454666966738277
0.31813037513138065	-0.0476933403226718	-0.26184772733522654
0.4087053896265928	-0.016984116493485232	-0.06153532265596728
0.12082280942763876	0.08657959883819841	-0.13407283465782302
0.2603777983637606	-0.15649212141530838	0.38598821009548473
-0.13799687771869404	0.06989496629748254	0.31854805567330874
-0.22038545239336732	-0.42382651303509833	0.2254192237953764
-0.020422730895730896	0.23156559153267	-0.23427130951766187
-0.2376116527684631	0.4392841730494764	-0.16809325080496607
-0.10309888569193507	-0.09208693058603934	0.1626322282254822
-0.11515597695332958	0.567525317745497	0.02673262293928007
0.12515472868836422	-0.3701014007406964	0.15377141805788241
-0.5338005836910218	-0.3154653600675048	-0.1171617912600774
0.03384207410443163	0.060428842804143866	0.19581155374404438
-0.2605873385516691	-0.19833930467120062	0.11337523377720725
0.1240150123761413	-0.008103096106818993	-0.13816006601730815
0.1752594589510363	0.17703200164763205	0.08831444372572751
-0.30377467132513275	-0.47697756605771996	0.034689056802768826
0.32011826363250917	0.023868243910496547	-0.17264188579356302
-0.017043673050334805	-0.31038385905464716	-0.08524692538380559
0.16980168134199325	-0.05427858861305342	0.11916882528445101
0.02296145773497582	0.3429734205992998	0.1544247625374546
0.37169953795334193	0.02851987937661146	-0.32130478227135506
0.42637912099139313	0.15675831394752246	0.14580742383649703
0.001476801324465789	0.08577797348195887	0.2721028847935944
0.007831732358264218	0.03538624510800788	0.11922721367017225
-0.39908384144356596	-0.3719144255358059	0.24648538934934744
0.10052474631865478	-0.10213703144137755	0.10138758114655556
0.19374134085925368	0.016138858359718407	-0.21894065846318347
-0.014195806128429144	-0.15377727698635404	0.1122048548792684
-0.1185287059935985	0.4144133377789413	-0.019304307317372305
0.4823019664087548	0.07615651919129862	-0.3324243780883093
-0.43926649598463546	-0.013063615700492118	-0.11552704180796412
0.1646282376445246	-0.12948069580883628	0.20501739928695123
-0.13855958164815432	0.30270138742223424	-0.1907877151980727
-0.6090663851375863	-0.010944548488595784	-0.041558840593279946
-0.28872841404733	0.48975919378751254	-0.09167784059434053
-0.3963955082852551	-0.3456869899955436	0.04799952297560669
-0.4943091261387818	-0.23490568988758884	-0.012000558865809152
0.2626223937793807	-0.17420927025488828	0.019402512904718665
0.1840381999777395	0.006144445544361072	0.13927110946009086
0.11910545888958082	-0.006117928829947575	-0.003700904389545394
0.46354681766199174	-0.02490231348451102	-0.06846200166826359
-0.27214589138362466	0.37395086028099794	0.017163482060335286
0.037841965064911894	-0.5247259401551009	-0.04477517746103435
-0.09969552595188196	0.3285094357571117	-0.10728718758451017
-0.2079845182287674	0.003756510446786046	-0.2803282804378837
0.23000842984336606	-0.35653827320810016	-0.3869248402569237
-0.1670983153912984	-0.357445775545156	-0.2736763329336816
0.04630479725510406	-0.2816175064524226	-0.0994555638360554
-0.2655824676447391	0.30318009610845587	0.054852894689775014
0.07193304858909587	0.3742639150363692	-0.25196088788877224
0.09016881011876218	-0.3867429761743423	-0.2773934925341331
-0.24774141968805208	0.44390325284307525	0.12832022314570427
0.013122677857582744	-0.3128410579705535	-0.07489412220863798
-0.09610351358187344	0.0385454482035843	-0.1994015995990141
-0.13006083974889512	-0.03744120480288496	-0.017494525441787447
-0.19621231941643627	0.31041085208505304	0.10575720086433629
0.06935888729622304	-0.2414386004088024	-0.0656408812941557
-0.0020611094485827397	-0.06685350599080439	0.15901196953595625
0.23015247853238047	0.022291953730865337	-0.03983609964641753
-0.10680685318566316	0.07360813494723568	-0.14144699414433232
0.13762897104883548	0.05580352522536099	0.1510615640684715
-0.1624376916060153	-0.042334847355055306	-0.04595923123630944
0.16648698738913445	-0.12880776738308775	-0.06010103708939
-0.17203618289354067	0.1274015947244857	-0.08738822963703882
0.29646814590336334	0.04311099210037055	0.013412313094914896
-0.33242586000351937	-0.08117317358067246	-0.1648024517761501
-0.17313650089608187	0.17053630317406573	-0.05720911831859829
-0.1584380647377762	0.24256311477369513	-0.0723008211673767
0.056049866123630936	0.19145233630299127	-0.025386258831234947
-0.26080725995557746	0.3955723361818545	-0.17310604908072963
-0.008260004442254585	-0.13952262903032547	0.35253824536227385
0.2669067144274073	-0.05469248734492611	-0.2338085247253565
0.28807575520074663	0.24158856903443046	0.07159133236484973
0.26202631442583335	-0.129902759206559	0.009052818552368324
0.33503278077774007	-0.01501131074569991	-0.29403660085476924
-0.2668954773275197	0.4637012330944962	-0.05547101115370059
-0.16551044134384754	0.2873932881552407	-0.07455524834012146
-0.27399373220611417	0.2690899068822624	-0.16822193064818614
0.22983311937975512	0.3197622014984897	0.2340944457037008
0.17111728513425736	-0.10030323013811793	0.05745730171268634
-0.2897865125584836	-0.06306478069770993	-0.13248204084025225
0.2322895687294665	0.08114589073485108	0.1958930482311793
-0.2819479698159036	-0.16804695039646864	-0.17564698201864162
-0.0838044917608444	0.19104673076877207	0.15213035763684757
0.05091262672745559	-0.093220163627118	0.3482527823499712
0.03187285481767503	-0.052918089936329016	-0.15664199031943835
0.09592207147147153	-0.04900256303834997	0.14004711786348809
0.25245246212162115	0.22493099618868637	-0.06042849618646401
0.2071889656990072	0.2084094916883376	0.22370534622138094
0.18455413561214257	0.03771212922471027	0.37004544273599466
0.11945324239830821	-0.1887433260279163	0.12355322737148332
-0.16510851990474287	0.12442352483208147	0.09417070788607185
-0.15562144803501643	0.2576191335893112	-0.3442889545622823
-0.02710003091033313	0.07436735696460493	0.23826540122765036
0.14463539934938793	-0.09368689815961882	-0.02501013247448533
0.08345127110434566	-0.18220289954655275	-0.1513497353307265
-0.13735209166384596	0.20929234514560063	0.045974667750507084
