0.607466618847152	0.37251769418095276	0.16322776440885162
0.44087360312689966	-0.7205019574915182	0.058785565063883646
0.2988283102350273	-0.6263622009753317	0.14065386843179453
0.09038261082216018	-0.23264525751979698	0.25453402281672644
-0.030977750565429434	-0.1746976915872869	0.2877533470302099
-0.22474384362218136	-0.19704095649047562	0.4607658394513114
-0.6668021371050542	-0.025033414412869985	-0.1620132238378566
0.2968559145899671	0.5890990451027797	0.09911086279501652
-0.5861933149715414	0.5703139790170335	-0.09655600351885293
-0.27064222572624885	0.4255887185419124	0.04216336915960471
-0.15518842186700635	-0.6585463463664829	0.17472382436668146
-0.33028806852846615	0.011021055088482803	-0.21371223257582656
0.03530178181387128	0.36748482758017303	0.05997082501941007
0.6987195606121172	0.05866072226941688	-0.19862793373500995
0.6282596455830756	0.2675454132384541	0.3530688249104577
0.7737506608427556	0.17611702107762037	-0.02724946662550306
0.23300299242796138	0.6348314219557165	-0.10443833016347172
0.6610261039021453	0.2834976882577416	-0.059637671008096395
0.5323502830147689	0.19801064475079935	-0.3035299699798263
0.7444302376526878	0.2573374318269663	0.09154989368539265
0.7374502396793938	0.20532807278661075	0.15839266914679484
0.6974645288379175	0.29143128279639297	0.11627707229772608
-0.6043297023018949	-0.39062214057956074	-0.04992810889285722
-0.379397201942983	-0.0604461920273408	-0.2312707934712792
0.09737509105031542	0.42846403667332705	0.048142750201172674
0.0820174623789648	0.14077722348260693	-0.19503536731058657
0.4182955742834413	0.1712332784343616	0.1974067322146951
-0.5300376339351054	0.05034308587320966	0.24588850991149558
-0.2320401851186848	0.4039837213224471	-0.05395064255333719
0.31255849708718697	-0.3008280197732868	0.13066367559906025
-0.031051123063955466	-0.4652155170946533	-0.07951646907166032
0.12282518157038726	0.927107951493578	-0.1313912099021697
-0.48833366840760756	0.32997998015149904	0.1236251583142753
-0.19406457834337684	-0.2975634884673183	0.4552227666602641
-0.026958132795057738	-0.22572193152198144	0.021848491900244325
0.11432514880667971	-0.012502009804266823	-0.5019771293068701
-0.28502760515535414	0.03100088940822521	0.3228315712040994
-0.24008075983983415	-0.3649209018230751	-0.12077485945755907
-0.3678073313432958	-0.25996000806187547	-0.07617047143505185
-0.09432625762911344	-0.5034660562627357	-0.3475775430125921
0.06012367926977516	-0.488067256090594	-0.32518586157944973
-0.021392181389199117	-0.3930255590099434	-0.17756873258491454
-0.2767429863947071	-0.5085182757368454	0.1583444228127362
-0.35674048820161475	0.3373485715905938	-0.2562999214509797
-0.054148645349961534	0.8318356120237782	0.015474660951686066
-0.07292785367511181	-0.11663385491829616	-0.07000514923622697
-0.023835119230142886	0.32007950411431985	-0.4227838302183349
0.3698846198588537	-0.14806877567615653	-0.12477430979120982
0.3543255832773183	-0.3473360314779487	-0.13486802745198878
0.32818494463142445	-0.13213386254125445	0.06821572664318168
-0.3135205868112336	0.34387372630761953	-0.10809536784934858
0.07689018721802401	-0.14408597756513544	-0.16865631260405028
-0.6537374600814982	-0.03530055165934637	0.2527426404657348
-0.03202793217550665	-0.6226989344417238	0.004666418574185663
0.43133618722720757	-0.321320640442538	-0.0017943017950403928
0.22112567080509285	-0.1198754951129613	0.18120673060261272
0.31806909489177787	-0.054686986898007175	0.6395847614828096
-0.317352623968748	-0.1042000813595613	0.22697409798218027
-0.09202225458928773	-0.43536539156915555	-0.32738991186973676
-0.24967986028205646	0.35525387489600607	0.09651391481051104
-0.26365110171061845	-0.39698729811903066	-0.04776213724270045
-0.41178011524380753	0.171267616559178	-0.03567319728396622
-0.23845164577023287	-0.047792019466250245	0.06840276994960108
-0.5672276605498839	0.11582458966431984	0.1619318526519335
0.3779191050310808	-0.3623137869154946	-0.098130089898965
0.3453465312383621	-0.40709395532925274	-0.36221481573650754
-0.32455662197961915	0.256972050242372	0.14541021654890876
0.5559594958721777	-0.26915837292501216	0.20264579718643988
0.2712614855592989	-0.1928416097190026	0.22433484347082022
0.10634398125924341	0.8598424532062202	-0.25347532655452243
-0.4710022456341207	0.30800747259996725	-0.11775643239185699
-0.31524431025663613	0.1476305047217246	0.1660838412874542
-0.5083768922504084	0.15470875994128247	0.1673151926260863
-0.07791963856070469	-0.34768655272982757	-0.16735159941018665
0.3758376037888331	0.10512241181805534	-0.10626510753680848
-0.008749836006637231	-0.386718471977734	-0.26147430747125155
-0.5545270750669893	0.16073703315376298	-0.18861395094075878
-0.5756982875161207	0.15389113815350938	0.21230382366539552
-0.567467315162115	0.10664705153635366	0.14754649659350602
0.5336669015063081	0.13439063424577566	-0.08570888508652999
-0.2627644384805	-0.157124358144218	-0.35110061105121065
